# Created by Octave 4.2.2, Wed Jun 26 18:34:23 2019 EEST <ninov@toster>
# name: theta_res
# type: matrix
# rows: 3
# columns: 1
 0
 0
 0


